	0.000000	85.032967
	15.625000	-88.759096
	31.250000	-93.155926
	46.875000	-92.187137
	62.500000	-92.731724
	78.125000	-94.646380
	93.750000	-94.881413
	109.375000	-94.348293
	125.000000	-94.113259
	140.625000	-94.262298
	156.250000	-94.440011
	171.875000	-94.783962
	187.500000	-94.560395
	203.125000	-95.064850
	218.750000	-95.185233
	234.375000	-94.887146
	250.000000	-94.354016
	265.625000	-95.156568
	281.250000	-95.282684
	296.875000	-95.007520
	312.500000	-95.529184
	328.125000	-95.666766
	343.750000	-95.276951
	359.375000	-94.955932
	375.000000	-95.276951
	390.625000	-95.523451
	406.250000	-95.597970
	421.875000	-95.059117
	437.500000	-95.248296
	453.125000	-95.242563
	468.750000	-95.173767
	484.375000	-95.150835
	500.000000	-95.162301
	515.625000	-95.443199
	531.250000	-95.471854
	546.875000	-95.466121
	562.500000	-95.586514
	578.125000	-95.609436
	593.750000	-95.391602
	609.375000	-95.036185
	625.000000	-95.185233
	640.625000	-95.001796
	656.250000	-95.122180
	671.875000	-95.592237
	687.500000	-95.173767
	703.125000	-95.299883
	718.750000	-95.305616
	734.375000	-95.328548
	750.000000	-95.288417
	765.625000	-95.162301
	781.250000	-95.093515
	796.875000	-95.408800
	812.500000	-95.317082
	828.125000	-95.282684
	843.750000	-95.190966
	859.375000	-95.345737
	875.000000	-95.552116
	890.625000	-95.437466
	906.250000	-95.460397
	921.875000	-95.552116
	937.500000	-95.420266
	953.125000	-95.299883
	968.750000	-95.517718
	984.375000	-95.580781
	1000.000000	-95.557849
	1015.630000	-95.706897
	1031.250000	-95.787149
	1046.880000	-95.769950
	1062.500000	-95.483320
	1078.130000	-95.414533
	1093.750000	-95.557849
	1109.380000	-95.563582
	1125.000000	-95.506252
	1140.630000	-95.408800
	1156.250000	-95.466121
	1171.880000	-95.259752
	1187.500000	-95.317082
	1203.130000	-95.506252
	1218.750000	-95.569315
	1234.380000	-95.437466
	1250.000000	-95.431732
	1265.630000	-95.787149
	1281.250000	-95.701154
	1296.880000	-95.500519
	1312.500000	-95.414533
	1328.130000	-95.345737
	1343.750000	-95.632368
	1359.380000	-95.850202
	1375.000000	-95.930455
	1390.630000	-95.913265
	1406.250000	-96.056571
	1421.880000	-95.764217
	1437.500000	-95.523451
	1453.130000	-95.489053
	1468.750000	-95.460397
	1484.380000	-95.179500
	1500.000000	-95.024719
	1515.630000	-95.448931
	1531.250000	-95.672499
	1546.880000	-95.643834
	1562.500000	-95.460397
	1578.130000	-95.357213
	1593.750000	-95.357213
	1609.380000	-95.747018
	1625.000000	-95.712620
	1640.630000	-95.517718
	1656.250000	-95.454664
	1671.880000	-95.609436
	1687.500000	-95.317082
	1703.130000	-95.529184
	1718.750000	-95.575038
	1734.380000	-95.580781
	1750.000000	-95.735552
	1765.630000	-95.609436
	1781.250000	-95.403067
	1796.880000	-95.248296
	1812.500000	-95.248296
	1828.130000	-95.276951
	1843.750000	-95.511985
	1859.380000	-95.483320
	1875.000000	-95.540650
	1890.630000	-95.620902
	1906.250000	-95.643834
	1921.880000	-95.798615
	1937.500000	-95.764217
	1953.130000	-95.563582
	1968.750000	-95.626635
	1984.380000	-95.706897
	2000.000000	-95.672499
	2015.630000	-95.414533
	2031.250000	-95.276951
	2046.880000	-95.655300
	2062.500000	-95.838736
	2078.130000	-95.747018
	2093.750000	-95.460397
	2109.380000	-95.443199
	2125.000000	-95.443199
	2140.630000	-95.219631
	2156.250000	-95.483320
	2171.880000	-95.529184
	2187.500000	-95.534917
	2203.130000	-95.586514
	2218.750000	-95.638101
	2234.380000	-95.764217
	2250.000000	-95.827270
	2265.630000	-95.815804
	2281.250000	-95.838736
	2296.880000	-95.718353
	2312.500000	-95.454664
	2328.130000	-95.483320
	2343.750000	-95.586514
	2359.380000	-95.661033
	2375.000000	-95.597970
	2390.630000	-95.706897
	2406.250000	-95.815804
	2421.880000	-95.810081
	2437.500000	-95.391602
	2453.130000	-95.448931
	2468.750000	-95.792882
	2484.380000	-95.833004
	2500.000000	-95.569315
	2515.630000	-95.597970
	2531.250000	-95.586514
	2546.880000	-95.443199
	2562.500000	-95.357213
	2578.130000	-95.460397
	2593.750000	-95.357213
	2609.380000	-95.305616
	2625.000000	-95.500519
	2640.630000	-95.689698
	2656.250000	-95.643834
	2671.880000	-95.810081
	2687.500000	-95.798615
	2703.130000	-95.683965
	2718.750000	-95.798615
	2734.380000	-95.815804
	2750.000000	-95.735552
	2765.630000	-95.890333
	2781.250000	-95.855935
	2796.880000	-95.500519
	2812.500000	-95.420266
	2828.130000	-95.391602
	2843.750000	-95.523451
	2859.380000	-95.959120
	2875.000000	-95.798615
	2890.630000	-95.638101
	2906.250000	-95.913265
	2921.880000	-95.683965
	2937.500000	-95.580781
	2953.130000	-95.397334
	2968.750000	-95.322815
	2984.380000	-95.477597
	3000.000000	-95.529184
	3015.630000	-95.632368
	3031.250000	-95.557849
	3046.880000	-95.443199
	3062.500000	-95.403067
	3078.130000	-95.569315
	3093.750000	-95.661033
	3109.380000	-95.603703
	3125.000000	-95.712620
	3140.630000	-96.039382
	3156.250000	-95.781416
	3171.880000	-95.787149
	3187.500000	-96.039382
	3203.130000	-95.873134
	3218.750000	-95.334281
	3234.380000	-95.213898
	3250.000000	-95.534917
	3265.630000	-95.821537
	3281.250000	-95.655300
	3296.880000	-95.930455
	3312.500000	-95.758484
	3328.130000	-95.678232
	3343.750000	-95.460397
	3359.380000	-95.150835
	3375.000000	-95.185233
	3390.630000	-95.385869
	3406.250000	-95.833004
	3421.880000	-96.108168
	3437.500000	-95.804338
	3453.130000	-95.718353
	3468.750000	-95.328548
	3484.380000	-95.563582
	3500.000000	-95.712620
	3515.630000	-95.603703
	3531.250000	-95.397334
	3546.880000	-95.385869
	3562.500000	-95.466121
	3578.130000	-95.437466
	3593.750000	-95.420266
	3609.380000	-95.626635
	3625.000000	-95.867401
	3640.630000	-95.982052
	3656.250000	-95.844470
	3671.880000	-95.655300
	3687.500000	-95.557849
	3703.130000	-95.827270
	3718.750000	-95.735552
	3734.380000	-95.569315
	3750.000000	-95.276951
	3765.630000	-95.317082
	3781.250000	-95.471854
	3796.880000	-95.804338
	3812.500000	-95.855935
	3828.130000	-95.907532
	3843.750000	-95.580781
	3859.380000	-95.437466
	3875.000000	-95.294150
	3890.630000	-95.282684
	3906.250000	-95.351480
	3921.880000	-95.569315
	3937.500000	-95.747018
	3953.130000	-95.460397
	3968.750000	-95.431732
	3984.380000	-95.506252
	4000.000000	-95.706897
	4015.630000	-95.752751
	4031.250000	-95.741285
	4046.880000	-95.580781
	4062.500000	-95.305616
	4078.130000	-95.448931
	4093.750000	-95.414533
	4109.380000	-95.586514
	4125.000000	-95.718353
	4140.630000	-95.821537
	4156.250000	-95.947654
	4171.880000	-95.609436
	4187.500000	-95.775683
	4203.130000	-95.890333
	4218.750000	-95.855935
	4234.380000	-95.775683
	4250.000000	-95.466121
	4265.630000	-95.362936
	4281.250000	-95.529184
	4296.880000	-95.804338
	4312.500000	-95.586514
	4328.130000	-95.534917
	4343.750000	-95.724086
	4359.380000	-95.695421
	4375.000000	-95.781416
	4390.630000	-95.890333
	4406.250000	-95.827270
	4421.880000	-95.901799
	4437.500000	-95.706897
	4453.130000	-95.873134
	4468.750000	-95.901799
	4484.380000	-95.936198
	4500.000000	-95.626635
	4515.630000	-95.489053
	4531.250000	-95.122180
	4546.880000	-95.351480
	4562.500000	-95.534917
	4578.130000	-95.878867
	4593.750000	-95.724086
	4609.380000	-95.672499
	4625.000000	-95.695421
	4640.630000	-95.695421
	4656.250000	-95.695421
	4671.880000	-95.712620
	4687.500000	-95.586514
	4703.130000	-95.620902
	4718.750000	-95.781416
	4734.380000	-95.385869
	4750.000000	-95.408800
	4765.630000	-95.483320
	4781.250000	-95.729819
	4796.880000	-95.930455
	4812.500000	-95.804338
	4828.130000	-95.408800
	4843.750000	-95.552116
	4859.380000	-95.620902
	4875.000000	-95.689698
	4890.630000	-95.810081
	4906.250000	-95.643834
	4921.880000	-95.706897
	4937.500000	-95.787149
	4953.130000	-95.603703
	4968.750000	-95.483320
	4984.380000	-95.540650
	5000.000000	-95.798615
	5015.630000	-95.901799
	5031.250000	-95.643834
	5046.880000	-95.787149
	5062.500000	-95.603703
	5078.130000	-95.500519
	5093.750000	-95.615169
	5109.380000	-95.810081
	5125.000000	-95.850202
	5140.630000	-95.718353
	5156.250000	-95.380135
	5171.880000	-95.620902
	5187.500000	-95.649567
	5203.130000	-95.626635
	5218.750000	-95.810081
	5234.380000	-95.741285
	5250.000000	-95.580781
	5265.630000	-95.431732
	5281.250000	-95.362936
	5296.880000	-95.408800
	5312.500000	-95.712620
	5328.130000	-95.947654
	5343.750000	-95.632368
	5359.380000	-95.351480
	5375.000000	-95.265485
	5390.630000	-95.380135
	5406.250000	-95.534917
	5421.880000	-95.385869
	5437.500000	-95.374403
	5453.130000	-95.511985
	5468.750000	-95.649567
	5484.380000	-95.712620
	5500.000000	-95.569315
	5515.630000	-95.563582
	5531.250000	-95.460397
	5546.880000	-95.385869
	5562.500000	-95.437466
	5578.130000	-95.231097
	5593.750000	-95.099248
	5609.380000	-95.494786
	5625.000000	-95.620902
	5640.630000	-95.787149
	5656.250000	-95.861668
	5671.880000	-95.769950
	5687.500000	-95.878867
	5703.130000	-95.448931
	5718.750000	-95.242563
	5734.380000	-95.340014
	5750.000000	-95.443199
	5765.630000	-95.529184
	5781.250000	-95.506252
	5796.880000	-95.534917
	5812.500000	-95.575038
	5828.130000	-95.769950
	5843.750000	-96.274406
	5859.380000	-95.729819
	5875.000000	-95.471854
	5890.630000	-95.724086
	5906.250000	-95.489053
	5921.880000	-95.511985
	5937.500000	-95.666766
	5953.130000	-95.683965
	5968.750000	-95.769950
	5984.380000	-95.792882
	6000.000000	-95.787149
	6015.630000	-95.747018
	6031.250000	-95.878867
	6046.880000	-96.027916
	6062.500000	-95.454664
	6078.130000	-95.506252
	6093.750000	-95.580781
	6109.380000	-95.678232
	6125.000000	-95.792882
	6140.630000	-95.580781
	6156.250000	-95.483320
	6171.880000	-95.769950
	6187.500000	-95.683965
	6203.130000	-95.569315
	6218.750000	-95.815804
	6234.380000	-95.747018
