	0.000000	85.824053
	250.000000	-87.085206
	500.000000	-88.289029
	750.000000	-88.661644
	1000.000000	-88.827882
	1250.000000	-89.057192
	1500.000000	-89.011328
	1750.000000	-88.770562
	2000.000000	-88.919600
	2250.000000	-88.982663
	2500.000000	-89.108779
	2750.000000	-89.143168
	3000.000000	-89.217697
	3250.000000	-89.125969
	3500.000000	-89.143168
	3750.000000	-88.862280
	4000.000000	-88.902401
	4250.000000	-88.879479
	4500.000000	-88.913877
	4750.000000	-88.982663
	5000.000000	-88.902401
	5250.000000	-88.896678
	5500.000000	-89.005595
	5750.000000	-88.833615
	6000.000000	-88.925333
	6250.000000	-89.183299
	6500.000000	-88.747630
	6750.000000	-88.759096
	7000.000000	-88.856547
	7250.000000	-88.994129
	7500.000000	-89.062916
	7750.000000	-88.804960
	8000.000000	-88.753363
	8250.000000	-88.718965
	8500.000000	-88.661644
	8750.000000	-88.827882
	9000.000000	-89.034250
	9250.000000	-89.039993
	9500.000000	-89.200498
	9750.000000	-89.103046
	10000.000000	-89.080115
	10250.000000	-88.942532
	10500.000000	-89.125969
	10750.000000	-88.999862
	11000.000000	-89.057192
	11250.000000	-89.108779
	11500.000000	-89.022794
	11750.000000	-88.845081
	12000.000000	-89.103046
	12250.000000	-89.131711
	12500.000000	-89.166110
	12750.000000	-88.942532
	13000.000000	-88.833615
	13250.000000	-88.696042
	13500.000000	-88.925333
	13750.000000	-89.240629
	14000.000000	-89.080115
	14250.000000	-89.189032
	14500.000000	-88.994129
	14750.000000	-88.913877
	15000.000000	-88.850814
	15250.000000	-87.664190
	15500.000000	-77.013193
	15750.000000	-75.981341
	16000.000000	-85.508768
	16250.000000	-88.816426
	16500.000000	-88.741897
	16750.000000	-88.982663
	17000.000000	-88.959731
	17250.000000	-89.022794
	17500.000000	-88.988396
	17750.000000	-89.120245
	18000.000000	-89.189032
	18250.000000	-89.068648
	18500.000000	-88.833615
	18750.000000	-88.782028
	19000.000000	-88.879479
	19250.000000	-88.948275
	19500.000000	-88.753363
	19750.000000	-89.028518
	20000.000000	-89.154634
	20250.000000	-89.062916
	20500.000000	-88.942532
	20750.000000	-88.976930
	21000.000000	-88.942532
	21250.000000	-88.994129
	21500.000000	-88.971197
	21750.000000	-88.982663
	22000.000000	-89.028518
	22250.000000	-88.965464
	22500.000000	-88.741897
	22750.000000	-88.724698
	23000.000000	-88.845081
	23250.000000	-89.108779
	23500.000000	-89.085847
	23750.000000	-88.988396
	24000.000000	-89.005595
	24250.000000	-89.246362
	24500.000000	-89.022794
	24750.000000	-88.673111
	25000.000000	-88.701766
	25250.000000	-88.913877
	25500.000000	-88.810683
	25750.000000	-88.822159
	26000.000000	-88.925333
	26250.000000	-88.908144
	26500.000000	-89.005595
	26750.000000	-89.097313
	27000.000000	-89.206231
	27250.000000	-89.183299
	27500.000000	-89.091580
	27750.000000	-88.931076
	28000.000000	-88.627246
	28250.000000	-88.804960
	28500.000000	-88.845081
	28750.000000	-88.799227
	29000.000000	-88.810683
	29250.000000	-88.787761
	29500.000000	-88.971197
	29750.000000	-88.982663
	30000.000000	-88.776285
	30250.000000	-88.850814
	30500.000000	-89.011328
	30750.000000	-88.879479
	31000.000000	-83.680096
	31250.000000	-76.508737
	31500.000000	-79.747600
	31750.000000	-88.822159
	32000.000000	-89.085847
	32250.000000	-89.217697
	32500.000000	-89.137444
	32750.000000	-88.868013
	33000.000000	-88.644445
	33250.000000	-88.793484
	33500.000000	-88.902401
	33750.000000	-89.017061
	34000.000000	-88.673111
	34250.000000	-88.524062
	34500.000000	-88.931076
	34750.000000	-88.896678
	35000.000000	-88.627246
	35250.000000	-88.810683
	35500.000000	-89.206231
	35750.000000	-89.028518
	36000.000000	-88.707509
	36250.000000	-88.696042
	36500.000000	-88.787761
	36750.000000	-88.816426
	37000.000000	-88.908144
	37250.000000	-88.988396
	37500.000000	-88.913877
	37750.000000	-88.873746
	38000.000000	-88.942532
	38250.000000	-89.028518
	38500.000000	-88.994129
	38750.000000	-88.913877
	39000.000000	-88.959731
	39250.000000	-88.994129
	39500.000000	-89.011328
	39750.000000	-88.994129
	40000.000000	-88.896678
	40250.000000	-88.839348
	40500.000000	-88.913877
	40750.000000	-89.017061
	41000.000000	-88.678843
	41250.000000	-88.793484
	41500.000000	-88.684567
	41750.000000	-88.759096
	42000.000000	-88.999862
	42250.000000	-88.856547
	42500.000000	-88.913877
	42750.000000	-88.736164
	43000.000000	-88.638712
	43250.000000	-88.896678
	43500.000000	-89.011328
	43750.000000	-88.885212
	44000.000000	-88.822159
	44250.000000	-88.782028
	44500.000000	-88.724698
	44750.000000	-88.587115
	45000.000000	-88.638712
	45250.000000	-88.862280
	45500.000000	-88.856547
	45750.000000	-88.890945
	46000.000000	-88.994129
	46250.000000	-89.080115
	46500.000000	-88.850814
	46750.000000	-80.418302
	47000.000000	-77.460328
	47250.000000	-84.551434
	47500.000000	-88.707509
	47750.000000	-88.569926
	48000.000000	-88.632979
	48250.000000	-88.948275
	48500.000000	-88.965464
	48750.000000	-88.770562
	49000.000000	-88.810683
	49250.000000	-88.850814
	49500.000000	-88.650178
	49750.000000	-88.839348
	50000.000000	-88.661644
	50250.000000	-88.684567
	50500.000000	-88.822159
	50750.000000	-88.890945
	51000.000000	-88.701766
	51250.000000	-88.724698
	51500.000000	-88.684567
	51750.000000	-88.833615
	52000.000000	-88.890945
	52250.000000	-88.931076
	52500.000000	-88.965464
	52750.000000	-88.896678
	53000.000000	-88.604315
	53250.000000	-88.799227
	53500.000000	-88.713232
	53750.000000	-88.598591
	54000.000000	-88.592848
	54250.000000	-88.776285
	54500.000000	-88.581392
	54750.000000	-88.615790
	55000.000000	-88.569926
	55250.000000	-88.518329
	55500.000000	-88.753363
	55750.000000	-88.873746
	56000.000000	-88.661644
	56250.000000	-88.564193
	56500.000000	-88.999862
	56750.000000	-88.759096
	57000.000000	-88.524062
	57250.000000	-88.529795
	57500.000000	-88.655912
	57750.000000	-88.575649
	58000.000000	-88.638712
	58250.000000	-88.896678
	58500.000000	-88.690309
	58750.000000	-88.552727
	59000.000000	-88.684567
	59250.000000	-88.615790
	59500.000000	-88.483931
	59750.000000	-88.575649
	60000.000000	-88.673111
	60250.000000	-88.850814
	60500.000000	-88.890945
	60750.000000	-89.045716
	61000.000000	-88.810683
	61250.000000	-88.764829
	61500.000000	-88.873746
	61750.000000	-88.862280
	62000.000000	-88.730431
	62250.000000	-86.867362
	62500.000000	-79.111295
	62750.000000	-80.223390
	63000.000000	-88.208776
	63250.000000	-88.931076
	63500.000000	-88.741897
	63750.000000	-88.610047
	64000.000000	-88.661644
	64250.000000	-88.678843
	64500.000000	-88.850814
	64750.000000	-88.804960
	65000.000000	-88.902401
	65250.000000	-88.822159
	65500.000000	-88.793484
	65750.000000	-88.667378
	66000.000000	-88.747630
	66250.000000	-88.598591
	66500.000000	-88.638712
	66750.000000	-88.741897
	67000.000000	-88.655912
	67250.000000	-88.678843
	67500.000000	-88.541261
	67750.000000	-88.736164
	68000.000000	-88.747630
	68250.000000	-88.885212
	68500.000000	-88.701766
	68750.000000	-88.661644
	69000.000000	-88.478198
	69250.000000	-88.506873
	69500.000000	-88.776285
	69750.000000	-88.650178
	70000.000000	-88.718965
	70250.000000	-88.902401
	70500.000000	-88.575649
	70750.000000	-88.409412
	71000.000000	-88.610047
	71250.000000	-88.862280
	71500.000000	-88.713232
	71750.000000	-88.782028
	72000.000000	-88.747630
	72250.000000	-88.667378
	72500.000000	-88.741897
	72750.000000	-88.782028
	73000.000000	-88.569926
	73250.000000	-88.403679
	73500.000000	-88.460999
	73750.000000	-88.684567
	74000.000000	-88.667378
	74250.000000	-88.730431
	74500.000000	-88.896678
	74750.000000	-88.948275
	75000.000000	-88.890945
	75250.000000	-88.770562
	75500.000000	-88.971197
	75750.000000	-88.776285
	76000.000000	-88.724698
	76250.000000	-88.655912
	76500.000000	-88.655912
	76750.000000	-88.718965
	77000.000000	-88.701766
	77250.000000	-88.764829
	77500.000000	-88.804960
	77750.000000	-88.718965
	78000.000000	-83.811946
	78250.000000	-79.518299
	78500.000000	-84.419595
	78750.000000	-88.770562
	79000.000000	-88.684567
	79250.000000	-88.632979
	79500.000000	-88.329160
	79750.000000	-88.443810
	80000.000000	-88.592848
	80250.000000	-88.535528
	80500.000000	-88.529795
	80750.000000	-88.736164
	81000.000000	-88.541261
	81250.000000	-88.753363
	81500.000000	-88.919600
	81750.000000	-88.976930
	82000.000000	-88.759096
	82250.000000	-88.673111
	82500.000000	-88.483931
	82750.000000	-88.501130
	83000.000000	-88.472475
	83250.000000	-88.845081
	83500.000000	-89.091580
	83750.000000	-89.097313
	84000.000000	-88.741897
	84250.000000	-88.546994
	84500.000000	-88.632979
	84750.000000	-88.655912
	85000.000000	-88.409412
	85250.000000	-88.420878
	85500.000000	-88.552727
	85750.000000	-88.592848
	86000.000000	-88.352082
	86250.000000	-88.524062
	86500.000000	-88.455276
	86750.000000	-88.518329
	87000.000000	-88.632979
	87250.000000	-88.610047
	87500.000000	-88.409412
	87750.000000	-88.352082
	88000.000000	-88.369281
	88250.000000	-88.311961
	88500.000000	-88.569926
	88750.000000	-88.638712
	89000.000000	-88.736164
	89250.000000	-88.466742
	89500.000000	-88.306228
	89750.000000	-88.696042
	90000.000000	-88.598591
	90250.000000	-88.397946
	90500.000000	-88.266107
	90750.000000	-88.466742
	91000.000000	-88.329160
	91250.000000	-88.506873
	91500.000000	-88.598591
	91750.000000	-88.615790
	92000.000000	-88.478198
	92250.000000	-88.512596
	92500.000000	-88.673111
	92750.000000	-88.632979
	93000.000000	-88.357825
	93250.000000	-88.483931
	93500.000000	-88.191577
	93750.000000	-82.527861
	94000.000000	-82.034872
	94250.000000	-87.968010
	94500.000000	-88.506873
	94750.000000	-88.541261
	95000.000000	-88.415145
	95250.000000	-88.489674
	95500.000000	-88.701766
	95750.000000	-88.495397
	96000.000000	-88.380757
	96250.000000	-88.432344
	96500.000000	-88.352082
	96750.000000	-88.420878
	97000.000000	-88.392213
	97250.000000	-88.432344
	97500.000000	-88.655912
	97750.000000	-88.667378
	98000.000000	-88.478198
	98250.000000	-88.432344
	98500.000000	-88.535528
	98750.000000	-88.426611
	99000.000000	-88.518329
	99250.000000	-88.380757
	99500.000000	-88.495397
	99750.000000	-88.558460
