	0.000000	49.987441
	250.000000	-55.903380
	500.000000	-85.271004
	750.000000	-94.511801
	1000.000000	-96.672956
	1250.000000	-97.125824
	1500.000000	-97.658925
	1750.000000	-97.916910
	2000.000000	-98.266642
	2250.000000	-98.742345
	2500.000000	-98.690767
	2750.000000	-98.644942
	3000.000000	-98.501617
	3250.000000	-98.725185
	3500.000000	-98.639190
	3750.000000	-98.381205
	4000.000000	-98.037323
	4250.000000	-98.289555
	4500.000000	-98.633437
	4750.000000	-98.587612
	5000.000000	-98.610525
	5250.000000	-98.576108
	5500.000000	-98.633437
	5750.000000	-98.547442
	6000.000000	-98.392710
	6250.000000	-98.690767
	6500.000000	-98.788267
	6750.000000	-98.725185
	7000.000000	-97.911158
	7250.000000	-97.653172
	7500.000000	-98.186302
	7750.000000	-97.658925
	8000.000000	-97.441110
	8250.000000	-98.111812
	8500.000000	-98.765355
	8750.000000	-98.799675
	9000.000000	-98.616278
	9250.000000	-98.570452
	9500.000000	-98.455793
	9750.000000	-98.564700
	10000.000000	-98.484457
	10250.000000	-98.318220
	10500.000000	-96.965320
	10750.000000	-93.841098
	11000.000000	-95.572318
	11250.000000	-98.358293
	11500.000000	-98.564700
	11750.000000	-98.507370
	12000.000000	-98.260890
	12250.000000	-98.364045
	12500.000000	-98.673607
	12750.000000	-98.690767
	13000.000000	-98.679360
	13250.000000	-98.765355
	13500.000000	-98.708025
	13750.000000	-98.679360
	14000.000000	-98.610525
	14250.000000	-98.685113
	14500.000000	-98.828340
	14750.000000	-98.799675
	15000.000000	-98.088900
	15250.000000	-91.828991
	15500.000000	-76.804094
	15750.000000	-75.720655
	16000.000000	-87.277378
	16250.000000	-97.360858
	16500.000000	-96.105438
	16750.000000	-96.093972
	17000.000000	-97.446843
	17250.000000	-98.507370
	17500.000000	-97.400989
	17750.000000	-96.839203
	18000.000000	-98.312467
	18250.000000	-98.507370
	18500.000000	-98.450040
	18750.000000	-98.501617
	19000.000000	-98.134725
	19250.000000	-97.928415
	19500.000000	-97.349392
	19750.000000	-97.108625
	20000.000000	-96.804806
	20250.000000	-97.469775
	20500.000000	-98.031570
	20750.000000	-97.957080
	21000.000000	-97.882492
	21250.000000	-97.750672
	21500.000000	-97.418188
	21750.000000	-97.441110
	22000.000000	-97.538610
	22250.000000	-97.779337
	22500.000000	-97.968488
	22750.000000	-97.899750
	23000.000000	-97.979992
	23250.000000	-97.911158
	23500.000000	-97.853827
	23750.000000	-97.206076
	24000.000000	-96.363404
	24250.000000	-96.747485
	24500.000000	-96.976786
	24750.000000	-96.850669
	25000.000000	-96.609903
	25250.000000	-96.294617
	25500.000000	-96.575505
	25750.000000	-96.730286
	26000.000000	-96.707354
	26250.000000	-96.426457
	26500.000000	-96.380602
	26750.000000	-96.460855
	27000.000000	-96.277418
	27250.000000	-95.967856
	27500.000000	-95.904803
	27750.000000	-93.881229
	28000.000000	-90.928987
	28250.000000	-93.795244
	28500.000000	-95.847482
	28750.000000	-96.208622
	29000.000000	-96.243020
	29250.000000	-96.346204
	29500.000000	-96.105438
	29750.000000	-95.767220
	30000.000000	-93.789511
	30250.000000	-94.878683
	30500.000000	-96.340471
	30750.000000	-96.243020
	31000.000000	-84.577370
	31250.000000	-76.391357
	31500.000000	-79.842321
	31750.000000	-92.602877
	32000.000000	-92.677406
	32250.000000	-92.482494
	32500.000000	-91.748738
	32750.000000	-91.450642
	33000.000000	-91.731539
	33250.000000	-92.224538
	33500.000000	-92.465295
	33750.000000	-92.367844
	34000.000000	-93.199061
	34250.000000	-94.179316
	34500.000000	-93.072944
	34750.000000	-91.559569
	35000.000000	-91.450642
	35250.000000	-92.190140
	35500.000000	-93.027090
	35750.000000	-92.287592
	36000.000000	-90.797138
	36250.000000	-92.511159
	36500.000000	-94.104797
	36750.000000	-94.282500
	37000.000000	-93.606065
	37250.000000	-92.900974
	37500.000000	-92.190140
	37750.000000	-92.299058
	38000.000000	-92.797790
	38250.000000	-92.769124
	38500.000000	-92.493960
	38750.000000	-91.937908
	39000.000000	-90.928987
	39250.000000	-90.487585
	39500.000000	-91.307336
	39750.000000	-92.471028
	40000.000000	-93.382497
	40250.000000	-93.072944
	40500.000000	-92.654474
	40750.000000	-88.934079
	41000.000000	-86.549356
	41250.000000	-87.999678
	41500.000000	-89.513063
	41750.000000	-90.814337
	42000.000000	-92.270392
	42250.000000	-93.204794
	42500.000000	-93.279313
	42750.000000	-93.187595
	43000.000000	-93.210527
	43250.000000	-93.204794
	43500.000000	-92.700328
	43750.000000	-91.232807
	44000.000000	-90.883123
	44250.000000	-91.731539
	44500.000000	-92.362111
	44750.000000	-92.694596
	45000.000000	-92.064024
	45250.000000	-92.385043
	45500.000000	-93.474225
	45750.000000	-93.325177
	46000.000000	-93.634729
	46250.000000	-93.846831
	46500.000000	-93.181861
	46750.000000	-80.564621
	47000.000000	-77.417477
	47250.000000	-85.471649
	47500.000000	-92.138543
	47750.000000	-91.949374
	48000.000000	-93.170395
	48250.000000	-93.399696
	48500.000000	-92.327722
	48750.000000	-90.843002
	49000.000000	-90.711153
	49250.000000	-90.453187
	49500.000000	-91.697141
	49750.000000	-92.241727
	50000.000000	-92.528358
	50250.000000	-93.193327
	50500.000000	-93.256391
	50750.000000	-92.746193
	51000.000000	-94.443014
	51250.000000	-95.302886
	51500.000000	-95.228367
	51750.000000	-94.064665
	52000.000000	-92.144276
	52250.000000	-94.116262
	52500.000000	-95.325818
	52750.000000	-95.085052
	53000.000000	-94.460213
	53250.000000	-95.205435
	53500.000000	-95.520721
	53750.000000	-95.039198
	54000.000000	-94.104797
	54250.000000	-93.961481
	54500.000000	-93.216259
	54750.000000	-93.703516
	55000.000000	-95.096518
	55250.000000	-95.572318
	55500.000000	-95.411804
	55750.000000	-95.383148
	56000.000000	-95.434736
	56250.000000	-94.769766
	56500.000000	-94.643650
	56750.000000	-94.087598
	57000.000000	-93.852564
	57250.000000	-95.125183
	57500.000000	-95.354483
	57750.000000	-95.216901
	58000.000000	-95.383148
	58250.000000	-95.262765
	58500.000000	-94.666582
	58750.000000	-94.402883
	59000.000000	-94.144927
	59250.000000	-94.385694
	59500.000000	-93.944282
	59750.000000	-93.411162
	60000.000000	-91.691408
	60250.000000	-92.075490
	60500.000000	-94.167850
	60750.000000	-94.936013
	61000.000000	-95.216901
	61250.000000	-95.245566
	61500.000000	-95.027732
	61750.000000	-94.872950
	62000.000000	-94.551931
	62250.000000	-89.404146
	62500.000000	-79.223216
	62750.000000	-80.432771
	63000.000000	-90.928987
	63250.000000	-93.004158
	63500.000000	-93.565943
	63750.000000	-94.104797
	64000.000000	-91.444918
	64250.000000	-90.556372
	64500.000000	-93.181861
	64750.000000	-92.958294
	65000.000000	-87.678659
	65250.000000	-87.472291
	65500.000000	-92.150009
	65750.000000	-92.740459
	66000.000000	-92.602877
	66250.000000	-93.015624
	66500.000000	-93.909894
	66750.000000	-91.932175
	67000.000000	-88.739176
	67250.000000	-85.712406
	67500.000000	-83.379280
	67750.000000	-89.971664
	68000.000000	-94.213714
	68250.000000	-94.557665
	68500.000000	-94.597796
	68750.000000	-94.844285
	69000.000000	-94.746834
	69250.000000	-94.666582
	69500.000000	-94.242379
	69750.000000	-94.018811
	70000.000000	-94.018811
	70250.000000	-93.537278
	70500.000000	-93.439827
	70750.000000	-93.474225
	71000.000000	-93.113075
	71250.000000	-91.158288
	71500.000000	-89.673568
	71750.000000	-89.839815
	72000.000000	-90.997774
	72250.000000	-89.805417
	72500.000000	-89.186302
	72750.000000	-90.286950
	73000.000000	-91.261472
	73250.000000	-91.708607
	73500.000000	-91.639821
	73750.000000	-91.691408
	74000.000000	-91.467841
	74250.000000	-91.278671
	74500.000000	-91.250006
	74750.000000	-91.353191
	75000.000000	-91.261472
	75250.000000	-91.507972
	75500.000000	-92.075490
	75750.000000	-92.757659
	76000.000000	-93.577409
	76250.000000	-93.227725
	76500.000000	-92.706062
	76750.000000	-92.167208
	77000.000000	-93.095876
	77250.000000	-94.173583
	77500.000000	-92.373577
	77750.000000	-92.637275
	78000.000000	-84.961451
	78250.000000	-79.762069
	78500.000000	-85.248072
	78750.000000	-93.319444
	79000.000000	-94.024544
	79250.000000	-95.365949
	79500.000000	-95.629638
	79750.000000	-95.996521
	80000.000000	-95.985055
	80250.000000	-96.334739
	80500.000000	-96.323272
	80750.000000	-96.317540
	81000.000000	-96.179967
	81250.000000	-95.836016
	81500.000000	-95.652570
	81750.000000	-95.308619
	82000.000000	-94.230913
	82250.000000	-94.311165
	82500.000000	-93.846831
	82750.000000	-94.397150
	83000.000000	-95.474866
	83250.000000	-95.618182
	83500.000000	-94.993334
	83750.000000	-93.479948
	84000.000000	-92.941095
	84250.000000	-94.368495
	84500.000000	-94.804164
	84750.000000	-94.924547
	85000.000000	-95.595250
	85250.000000	-95.824550
	85500.000000	-96.099705
	85750.000000	-96.065317
	86000.000000	-95.990788
	86250.000000	-96.300350
	86500.000000	-96.432190
	86750.000000	-96.380602
	87000.000000	-96.409267
	87250.000000	-96.243020
	87500.000000	-96.002254
	87750.000000	-96.317540
	88000.000000	-96.650024
	88250.000000	-96.621369
	88500.000000	-96.609903
	88750.000000	-96.707354
	89000.000000	-96.701621
	89250.000000	-96.988242
	89500.000000	-97.005441
	89750.000000	-97.337926
	90000.000000	-97.223275
	90250.000000	-97.165955
	90500.000000	-97.165955
	90750.000000	-97.343659
	91000.000000	-97.607348
	91250.000000	-97.527105
	91500.000000	-97.613100
	91750.000000	-97.802250
	92000.000000	-97.664677
	92250.000000	-97.613100
	92500.000000	-97.882492
	92750.000000	-97.974240
	93000.000000	-97.974240
	93250.000000	-97.773585
	93500.000000	-95.451935
	93750.000000	-83.534061
	94000.000000	-82.777364
	94250.000000	-93.623263
	94500.000000	-97.830915
	94750.000000	-98.094652
	95000.000000	-98.300962
	95250.000000	-98.255138
	95500.000000	-98.364045
	95750.000000	-98.300962
	96000.000000	-98.237977
	96250.000000	-98.031570
	96500.000000	-97.928415
	96750.000000	-98.163390
	97000.000000	-98.180647
	97250.000000	-97.871085
	97500.000000	-97.939822
	97750.000000	-98.146230
	98000.000000	-97.916910
	98250.000000	-97.939822
	98500.000000	-98.169143
	98750.000000	-98.060235
	99000.000000	-97.939822
	99250.000000	-97.750672
	99500.000000	-97.727760
	99750.000000	-97.865333
