	0.000000	73.800266
	250.000000	-79.091366
	500.000000	-94.064665
	750.000000	-96.260219
	1000.000000	-96.443656
	1250.000000	-96.414991
	1500.000000	-97.360858
	1750.000000	-97.848075
	2000.000000	-97.802250
	2250.000000	-98.174895
	2500.000000	-98.111812
	2750.000000	-98.128973
	3000.000000	-98.214968
	3250.000000	-97.911158
	3500.000000	-97.882492
	3750.000000	-98.054483
	4000.000000	-97.704847
	4250.000000	-97.704847
	4500.000000	-98.048730
	4750.000000	-98.134725
	5000.000000	-98.134725
	5250.000000	-98.214968
	5500.000000	-98.381205
	5750.000000	-98.278050
	6000.000000	-97.939822
	6250.000000	-98.065987
	6500.000000	-98.020065
	6750.000000	-97.796498
	7000.000000	-97.349392
	7250.000000	-97.034106
	7500.000000	-97.498440
	7750.000000	-96.976786
	8000.000000	-96.546840
	8250.000000	-97.005441
	8500.000000	-97.819507
	8750.000000	-97.997152
	9000.000000	-97.979992
	9250.000000	-98.123317
	9500.000000	-98.037323
	9750.000000	-97.790842
	10000.000000	-97.756425
	10250.000000	-97.446843
	10500.000000	-96.030919
	10750.000000	-92.855110
	11000.000000	-94.614985
	11250.000000	-97.928415
	11500.000000	-98.128973
	11750.000000	-97.865333
	12000.000000	-97.916910
	12250.000000	-98.054483
	12500.000000	-97.951328
	12750.000000	-98.226472
	13000.000000	-98.461545
	13250.000000	-98.478705
	13500.000000	-98.203560
	13750.000000	-98.071642
	14000.000000	-98.272298
	14250.000000	-98.065987
	14500.000000	-97.957080
	14750.000000	-98.043075
	15000.000000	-97.848075
	15250.000000	-90.888866
	15500.000000	-75.858237
	15750.000000	-74.757589
	16000.000000	-86.274191
	16250.000000	-95.199702
	16500.000000	-94.173583
	16750.000000	-94.786965
	17000.000000	-96.294617
	17250.000000	-97.412455
	17500.000000	-95.967856
	17750.000000	-95.239833
	18000.000000	-96.907990
	18250.000000	-97.693342
	18500.000000	-98.025817
	18750.000000	-97.974240
	19000.000000	-97.613100
	19250.000000	-97.034106
	19500.000000	-96.489520
	19750.000000	-96.518185
	20000.000000	-96.254486
	20250.000000	-96.655757
	20500.000000	-97.143023
	20750.000000	-97.366591
	21000.000000	-97.143023
	21250.000000	-96.948121
	21500.000000	-96.856403
	21750.000000	-96.695888
	22000.000000	-96.638568
	22250.000000	-97.057038
	22500.000000	-97.303538
	22750.000000	-97.383790
	23000.000000	-97.286338
	23250.000000	-97.337926
	23500.000000	-97.062771
	23750.000000	-96.541107
	24000.000000	-95.973589
	24250.000000	-96.592704
	24500.000000	-96.621369
	24750.000000	-96.535374
	25000.000000	-96.615636
	25250.000000	-96.535374
	25500.000000	-96.885058
	25750.000000	-96.862136
	26000.000000	-97.068504
	26250.000000	-97.034106
	26500.000000	-96.919456
	26750.000000	-96.896524
	27000.000000	-96.638568
	27250.000000	-96.351938
	27500.000000	-96.271685
	27750.000000	-93.055745
	28000.000000	-89.685034
	28250.000000	-92.849377
	28500.000000	-95.073586
	28750.000000	-94.936013
	29000.000000	-94.838562
	29250.000000	-94.815630
	29500.000000	-94.643650
	29750.000000	-94.190782
	30000.000000	-92.109888
	30250.000000	-93.382497
	30500.000000	-95.560852
	30750.000000	-95.302886
	31000.000000	-83.751895
	31250.000000	-75.542951
	31500.000000	-79.039769
	31750.000000	-92.872309
	32000.000000	-92.665940
	32250.000000	-92.241727
	32500.000000	-91.490773
	32750.000000	-91.158288
	33000.000000	-91.318802
	33250.000000	-92.018170
	33500.000000	-91.513705
	33750.000000	-90.951920
	34000.000000	-91.995238
	34250.000000	-93.285046
	34500.000000	-93.072944
	34750.000000	-92.723260
	35000.000000	-93.004158
	35250.000000	-93.514346
	35500.000000	-93.531545
	35750.000000	-91.989505
	36000.000000	-90.097771
	36250.000000	-92.132820
	36500.000000	-94.414349
	36750.000000	-94.597796
	37000.000000	-93.755113
	37250.000000	-93.382497
	37500.000000	-92.746193
	37750.000000	-93.061478
	38000.000000	-94.173583
	38250.000000	-94.821363
	38500.000000	-94.786965
	38750.000000	-94.397150
	39000.000000	-93.543011
	39250.000000	-93.164662
	39500.000000	-93.199061
	39750.000000	-93.279313
	40000.000000	-93.714991
	40250.000000	-93.136007
	40500.000000	-92.287592
	40750.000000	-87.701591
	41000.000000	-85.035971
	41250.000000	-86.503492
	41500.000000	-88.383760
	41750.000000	-89.759553
	42000.000000	-91.553836
	42250.000000	-93.199061
	42500.000000	-93.651928
	42750.000000	-93.376764
	43000.000000	-93.583142
	43250.000000	-93.514346
	43500.000000	-93.244924
	43750.000000	-91.032172
	44000.000000	-90.556372
	44250.000000	-91.679942
	44500.000000	-92.602877
	44750.000000	-92.694596
	45000.000000	-91.576758
	45250.000000	-91.851923
	45500.000000	-93.233458
	45750.000000	-93.227725
	46000.000000	-93.445560
	46250.000000	-94.018811
	46500.000000	-93.502880
	46750.000000	-79.893918
	47000.000000	-76.786895
	47250.000000	-85.121956
	47500.000000	-94.007345
	47750.000000	-93.422628
	48000.000000	-93.004158
	48250.000000	-92.150009
	48500.000000	-91.410520
	48750.000000	-90.751284
	49000.000000	-91.341724
	49250.000000	-91.284404
	49500.000000	-93.233458
	49750.000000	-93.634729
	50000.000000	-93.428361
	50250.000000	-93.978680
	50500.000000	-93.795244
	50750.000000	-92.293324
	51000.000000	-94.202248
	51250.000000	-94.815630
	51500.000000	-94.643650
	51750.000000	-92.981226
	52000.000000	-90.997774
	52250.000000	-92.923896
	52500.000000	-94.357029
	52750.000000	-94.225180
	53000.000000	-93.892695
	53250.000000	-94.328364
	53500.000000	-94.878683
	53750.000000	-94.047466
	54000.000000	-92.935362
	54250.000000	-93.021357
	54500.000000	-92.964027
	54750.000000	-93.686326
	55000.000000	-94.448747
	55250.000000	-95.102251
	55500.000000	-95.073586
	55750.000000	-94.901615
	56000.000000	-95.268498
	56250.000000	-94.672315
	56500.000000	-94.139195
	56750.000000	-93.938549
	57000.000000	-93.972947
	57250.000000	-94.695247
	57500.000000	-95.102251
	57750.000000	-91.886320
	58000.000000	-92.098422
	58250.000000	-95.085052
	58500.000000	-94.213714
	58750.000000	-92.929629
	59000.000000	-92.471028
	59250.000000	-93.050012
	59500.000000	-93.124541
	59750.000000	-92.476761
	60000.000000	-90.470386
	60250.000000	-90.946186
	60500.000000	-93.514346
	60750.000000	-94.230913
	61000.000000	-94.809897
	61250.000000	-94.815630
	61500.000000	-94.488868
	61750.000000	-94.580596
	62000.000000	-94.357029
	62250.000000	-88.819429
	62500.000000	-78.707294
	62750.000000	-79.985636
	63000.000000	-90.802871
	63250.000000	-92.643008
	63500.000000	-92.900974
	63750.000000	-93.502880
	64000.000000	-90.556372
	64250.000000	-89.604781
	64500.000000	-92.505426
	64750.000000	-92.075490
	65000.000000	-86.371652
	65250.000000	-86.423239
	65500.000000	-91.353191
	65750.000000	-92.493960
	66000.000000	-92.253194
	66250.000000	-92.327722
	66500.000000	-93.004158
	66750.000000	-91.037905
	67000.000000	-87.638528
	67250.000000	-84.669098
	67500.000000	-82.307306
	67750.000000	-89.283763
	68000.000000	-94.248112
	68250.000000	-94.483145
	68500.000000	-94.626451
	68750.000000	-94.970401
	69000.000000	-94.844285
	69250.000000	-94.425815
	69500.000000	-93.835365
	69750.000000	-93.818166
	70000.000000	-93.783778
	70250.000000	-93.531545
	70500.000000	-93.227725
	70750.000000	-93.084410
	71000.000000	-92.585678
	71250.000000	-90.590770
	71500.000000	-88.807963
	71750.000000	-89.633447
	72000.000000	-90.992051
	72250.000000	-89.278030
	72500.000000	-88.469745
	72750.000000	-90.178033
	73000.000000	-91.542370
	73250.000000	-91.387589
	73500.000000	-91.410520
	73750.000000	-91.467841
	74000.000000	-91.525171
	74250.000000	-91.536637
	74500.000000	-91.536637
	74750.000000	-91.576758
	75000.000000	-91.473574
	75250.000000	-91.834723
	75500.000000	-92.637275
	75750.000000	-93.548744
	76000.000000	-94.013078
	76250.000000	-93.302245
	76500.000000	-92.396509
	76750.000000	-92.052558
	77000.000000	-93.050012
	77250.000000	-94.162117
	77500.000000	-92.516892
	77750.000000	-92.247461
	78000.000000	-84.726418
	78250.000000	-79.607297
	78500.000000	-85.242349
	78750.000000	-93.692059
	79000.000000	-94.121995
	79250.000000	-95.193969
	79500.000000	-95.337284
	79750.000000	-95.394614
	80000.000000	-95.176770
	80250.000000	-95.182513
	80500.000000	-95.469133
	80750.000000	-95.543653
	81000.000000	-95.021998
	81250.000000	-93.199061
	81500.000000	-92.000971
	81750.000000	-93.393963
	82000.000000	-93.617530
	82250.000000	-93.961481
	82500.000000	-93.428361
	82750.000000	-93.898428
	83000.000000	-94.626451
	83250.000000	-94.993334
	83500.000000	-94.196515
	83750.000000	-92.511159
	84000.000000	-92.258927
	84250.000000	-93.732181
	84500.000000	-94.523266
	84750.000000	-94.374228
	85000.000000	-94.924547
	85250.000000	-95.492065
	85500.000000	-95.985055
	85750.000000	-96.248753
	86000.000000	-96.237287
	86250.000000	-96.357670
	86500.000000	-96.374869
	86750.000000	-96.529641
	87000.000000	-96.655757
	87250.000000	-96.644291
	87500.000000	-96.644291
	87750.000000	-96.701621
	88000.000000	-96.627102
	88250.000000	-96.907990
	88500.000000	-97.085703
	88750.000000	-96.942388
	89000.000000	-97.091436
	89250.000000	-97.303538
	89500.000000	-97.458309
	89750.000000	-97.590187
	90000.000000	-97.486974
	90250.000000	-97.223275
	90500.000000	-97.406722
	90750.000000	-97.647518
	91000.000000	-97.704847
	91250.000000	-97.658925
	91500.000000	-97.951328
	91750.000000	-97.888245
	92000.000000	-97.985745
	92250.000000	-98.002905
	92500.000000	-98.226472
	92750.000000	-98.128973
	93000.000000	-98.186302
	93250.000000	-98.289555
	93500.000000	-95.572318
	93750.000000	-83.597114
	94000.000000	-82.903480
	94250.000000	-93.657662
	94500.000000	-98.157637
	94750.000000	-98.392710
	95000.000000	-98.421375
	95250.000000	-98.289555
	95500.000000	-98.490210
	95750.000000	-98.243632
	96000.000000	-98.134725
	96250.000000	-98.272298
	96500.000000	-98.283802
	96750.000000	-98.180647
	97000.000000	-98.289555
	97250.000000	-98.329627
	97500.000000	-98.455793
	97750.000000	-98.163390
	98000.000000	-98.249385
	98250.000000	-98.306715
	98500.000000	-98.272298
	98750.000000	-98.214968
	99000.000000	-98.300962
	99250.000000	-98.209313
	99500.000000	-98.117565
	99750.000000	-97.985745
