	0.000000	68.400247
	250.000000	-72.596443
	500.000000	-84.565904
	750.000000	-94.190782
	1000.000000	-96.329005
	1250.000000	-97.034106
	1500.000000	-97.446843
	1750.000000	-97.899750
	2000.000000	-98.060235
	2250.000000	-97.939822
	2500.000000	-98.203560
	2750.000000	-98.272298
	3000.000000	-98.232225
	3250.000000	-98.209313
	3500.000000	-98.157637
	3750.000000	-98.134725
	4000.000000	-97.636012
	4250.000000	-97.979992
	4500.000000	-98.037323
	4750.000000	-98.203560
	5000.000000	-98.186302
	5250.000000	-98.335380
	5500.000000	-98.318220
	5750.000000	-98.214968
	6000.000000	-98.088900
	6250.000000	-98.025817
	6500.000000	-97.819507
	6750.000000	-97.733513
	7000.000000	-97.486974
	7250.000000	-97.320727
	7500.000000	-97.756425
	7750.000000	-97.114358
	8000.000000	-96.609903
	8250.000000	-97.389523
	8500.000000	-97.957080
	8750.000000	-97.916910
	9000.000000	-98.083147
	9250.000000	-98.088900
	9500.000000	-98.169143
	9750.000000	-98.083147
	10000.000000	-97.928415
	10250.000000	-97.653172
	10500.000000	-96.053851
	10750.000000	-94.305432
	11000.000000	-95.698434
	11250.000000	-97.825163
	11500.000000	-98.002905
	11750.000000	-97.785090
	12000.000000	-97.865333
	12250.000000	-98.255138
	12500.000000	-98.186302
	12750.000000	-98.186302
	13000.000000	-98.094652
	13250.000000	-98.071642
	13500.000000	-98.071642
	13750.000000	-98.415622
	14000.000000	-98.518777
	14250.000000	-98.272298
	14500.000000	-98.266642
	14750.000000	-98.283802
	15000.000000	-97.830915
	15250.000000	-91.055104
	15500.000000	-76.230843
	15750.000000	-75.153137
	16000.000000	-86.595220
	16250.000000	-95.056397
	16500.000000	-94.339830
	16750.000000	-94.981867
	17000.000000	-96.466588
	17250.000000	-97.630260
	17500.000000	-96.329005
	17750.000000	-95.698434
	18000.000000	-97.234741
	18250.000000	-97.687590
	18500.000000	-97.888245
	18750.000000	-97.785090
	19000.000000	-97.624508
	19250.000000	-97.079970
	19500.000000	-96.690155
	19750.000000	-96.713087
	20000.000000	-96.483787
	20250.000000	-96.850669
	20500.000000	-97.303538
	20750.000000	-97.389523
	21000.000000	-97.309270
	21250.000000	-97.039839
	21500.000000	-97.057038
	21750.000000	-96.867869
	22000.000000	-97.125824
	22250.000000	-97.360858
	22500.000000	-97.120091
	22750.000000	-97.079970
	23000.000000	-96.999708
	23250.000000	-97.188887
	23500.000000	-97.292071
	23750.000000	-96.478054
	24000.000000	-95.520721
	24250.000000	-96.082506
	24500.000000	-96.409267
	24750.000000	-96.214355
	25000.000000	-96.179967
	25250.000000	-96.300350
	25500.000000	-96.523918
	25750.000000	-96.598437
	26000.000000	-96.684422
	26250.000000	-96.552573
	26500.000000	-96.552573
	26750.000000	-96.850669
	27000.000000	-96.907990
	27250.000000	-96.506719
	27500.000000	-96.116904
	27750.000000	-93.210527
	28000.000000	-89.845548
	28250.000000	-93.072944
	28500.000000	-95.320085
	28750.000000	-95.216901
	29000.000000	-95.216901
	29250.000000	-94.867217
	29500.000000	-94.637917
	29750.000000	-94.420082
	30000.000000	-92.161475
	30250.000000	-93.290779
	30500.000000	-95.102251
	30750.000000	-94.901615
	31000.000000	-84.055715
	31250.000000	-75.869693
	31500.000000	-79.320667
	31750.000000	-92.138543
	32000.000000	-92.390776
	32250.000000	-92.161475
	32500.000000	-90.917521
	32750.000000	-90.573571
	33000.000000	-90.917521
	33250.000000	-91.290137
	33500.000000	-91.181220
	33750.000000	-90.802871
	34000.000000	-91.817524
	34250.000000	-92.843644
	34500.000000	-91.037905
	34750.000000	-89.260831
	35000.000000	-89.392680
	35250.000000	-90.739818
	35500.000000	-92.167208
	35750.000000	-91.657020
	36000.000000	-90.149368
	36250.000000	-91.937908
	36500.000000	-94.024544
	36750.000000	-94.173583
	37000.000000	-93.594599
	37250.000000	-93.313711
	37500.000000	-92.694596
	37750.000000	-92.952561
	38000.000000	-93.634729
	38250.000000	-93.783778
	38500.000000	-93.692059
	38750.000000	-93.067211
	39000.000000	-92.493960
	39250.000000	-91.909243
	39500.000000	-91.731539
	39750.000000	-91.823257
	40000.000000	-91.909243
	40250.000000	-91.037905
	40500.000000	-89.885669
	40750.000000	-86.583754
	41000.000000	-84.726418
	41250.000000	-86.102221
	41500.000000	-87.609873
	41750.000000	-89.008598
	42000.000000	-90.430265
	42250.000000	-91.725806
	42500.000000	-91.725806
	42750.000000	-91.783136
	43000.000000	-92.092689
	43250.000000	-91.983772
	43500.000000	-91.593957
	43750.000000	-90.109237
	44000.000000	-89.702233
	44250.000000	-90.791405
	44500.000000	-91.628355
	44750.000000	-92.161475
	45000.000000	-90.768473
	45250.000000	-91.106701
	45500.000000	-92.092689
	45750.000000	-91.599690
	46000.000000	-91.794593
	46250.000000	-92.218805
	46500.000000	-91.347458
	46750.000000	-80.088820
	47000.000000	-77.004730
	47250.000000	-84.783748
	47500.000000	-89.650645
	47750.000000	-89.106049
	48000.000000	-90.051917
	48250.000000	-91.043638
	48500.000000	-90.854468
	48750.000000	-89.163379
	49000.000000	-88.343629
	49250.000000	-88.544264
	49500.000000	-89.392680
	49750.000000	-89.759553
	50000.000000	-90.602236
	50250.000000	-91.731539
	50500.000000	-91.370390
	50750.000000	-91.364656
	51000.000000	-93.118808
	51250.000000	-93.520079
	51500.000000	-93.227725
	51750.000000	-92.207339
	52000.000000	-90.304149
	52250.000000	-91.582491
	52500.000000	-92.213072
	52750.000000	-92.086956
	53000.000000	-91.765937
	53250.000000	-92.459572
	53500.000000	-92.855110
	53750.000000	-92.390776
	54000.000000	-91.731539
	54250.000000	-91.599690
	54500.000000	-91.089502
	54750.000000	-91.427719
	55000.000000	-92.780591
	55250.000000	-94.156394
	55500.000000	-94.076131
	55750.000000	-93.875496
	56000.000000	-94.259578
	56250.000000	-93.760846
	56500.000000	-92.837911
	56750.000000	-93.262114
	57000.000000	-94.190782
	57250.000000	-95.079319
	57500.000000	-95.440468
	57750.000000	-95.113717
	58000.000000	-92.144276
	58250.000000	-91.714340
	58500.000000	-94.311165
	58750.000000	-94.614985
	59000.000000	-94.592062
	59250.000000	-94.271044
	59500.000000	-93.107342
	59750.000000	-92.436640
	60000.000000	-90.585037
	60250.000000	-91.129623
	60500.000000	-93.726448
	60750.000000	-94.064665
	61000.000000	-94.351296
	61250.000000	-94.259578
	61500.000000	-93.749380
	61750.000000	-93.078677
	62000.000000	-92.792057
	62250.000000	-88.211779
	62500.000000	-78.747416
	62750.000000	-80.014301
	63000.000000	-90.281217
	63250.000000	-91.404788
	63500.000000	-91.301603
	63750.000000	-90.458920
	64000.000000	-87.993945
	64250.000000	-87.604140
	64500.000000	-90.791405
	64750.000000	-91.295870
	65000.000000	-85.999036
	65250.000000	-86.360186
	65500.000000	-91.295870
	65750.000000	-91.828991
	66000.000000	-91.851923
	66250.000000	-92.545557
	66500.000000	-92.958294
	66750.000000	-90.745551
	67000.000000	-87.432160
	67250.000000	-84.560180
	67500.000000	-82.278641
	67750.000000	-88.699045
	68000.000000	-93.061478
	68250.000000	-93.778045
	68500.000000	-94.276767
	68750.000000	-94.649383
	69000.000000	-94.546199
	69250.000000	-94.144927
	69500.000000	-93.846831
	69750.000000	-94.007345
	70000.000000	-93.640462
	70250.000000	-93.548744
	70500.000000	-93.061478
	70750.000000	-92.843644
	71000.000000	-92.683139
	71250.000000	-90.665289
	71500.000000	-88.825162
	71750.000000	-89.513063
	72000.000000	-90.928987
	72250.000000	-89.220700
	72500.000000	-88.635982
	72750.000000	-90.286950
	73000.000000	-91.565292
	73250.000000	-91.364656
	73500.000000	-91.158288
	73750.000000	-90.974851
	74000.000000	-91.066570
	74250.000000	-91.158288
	74500.000000	-91.691408
	74750.000000	-92.132820
	75000.000000	-91.765937
	75250.000000	-92.155742
	75500.000000	-93.044279
	75750.000000	-93.090143
	76000.000000	-92.631542
	76250.000000	-92.706062
	76500.000000	-92.711794
	76750.000000	-92.637275
	77000.000000	-93.107342
	77250.000000	-92.482494
	77500.000000	-92.069757
	77750.000000	-93.118808
	78000.000000	-84.749350
	78250.000000	-79.624487
	78500.000000	-85.230883
	78750.000000	-93.313711
	79000.000000	-94.700980
	79250.000000	-95.239833
	79500.000000	-95.492065
	79750.000000	-95.675502
	80000.000000	-95.944934
	80250.000000	-96.157035
	80500.000000	-96.082506
	80750.000000	-96.093972
	81000.000000	-95.486333
	81250.000000	-93.841098
	81500.000000	-92.448106
	81750.000000	-93.250658
	82000.000000	-94.357029
	82250.000000	-93.600341
	82500.000000	-93.330910
	82750.000000	-94.465946
	83000.000000	-95.102251
	83250.000000	-94.775499
	83500.000000	-93.525812
	83750.000000	-92.258927
	84000.000000	-92.998425
	84250.000000	-94.999066
	84500.000000	-94.752567
	84750.000000	-95.308619
	85000.000000	-95.841749
	85250.000000	-95.790152
	85500.000000	-96.002254
	85750.000000	-96.374869
	86000.000000	-96.535374
	86250.000000	-96.655757
	86500.000000	-96.655757
	86750.000000	-96.684422
	87000.000000	-96.615636
	87250.000000	-96.627102
	87500.000000	-96.741752
	87750.000000	-96.976786
	88000.000000	-96.793340
	88250.000000	-96.844937
	88500.000000	-96.936655
	88750.000000	-97.137290
	89000.000000	-97.326460
	89250.000000	-97.280605
	89500.000000	-97.372324
	89750.000000	-97.383790
	90000.000000	-97.355125
	90250.000000	-97.481241
	90500.000000	-97.486974
	90750.000000	-97.647518
	91000.000000	-97.710503
	91250.000000	-97.653172
	91500.000000	-97.756425
	91750.000000	-97.905405
	92000.000000	-97.802250
	92250.000000	-97.899750
	92500.000000	-98.048730
	92750.000000	-98.008657
	93000.000000	-98.243632
	93250.000000	-98.472953
	93500.000000	-95.423269
	93750.000000	-83.620046
	94000.000000	-82.874815
	94250.000000	-93.468492
	94500.000000	-98.203560
	94750.000000	-98.169143
	95000.000000	-98.002905
	95250.000000	-98.071642
	95500.000000	-98.134725
	95750.000000	-98.409870
	96000.000000	-98.564700
	96250.000000	-98.358293
	96500.000000	-98.438535
	96750.000000	-98.306715
	97000.000000	-98.541787
	97250.000000	-98.553195
	97500.000000	-98.513123
	97750.000000	-98.490210
	98000.000000	-98.461545
	98250.000000	-98.484457
	98500.000000	-98.266642
	98750.000000	-98.203560
	99000.000000	-98.020065
	99250.000000	-98.008657
	99500.000000	-98.048730
	99750.000000	-98.060235
