	0.000000	62.555815
	250.000000	-68.357113
	500.000000	-84.929783
	750.000000	-85.353986
	1000.000000	-85.382651
	1250.000000	-85.394117
	1500.000000	-85.422782
	1750.000000	-85.520234
	2000.000000	-85.239336
	2250.000000	-85.124686
	2500.000000	-85.199205
	2750.000000	-85.245069
	3000.000000	-85.525957
	3250.000000	-85.520234
	3500.000000	-85.589020
	3750.000000	-85.445704
	4000.000000	-85.331064
	4250.000000	-85.485835
	4500.000000	-85.485835
	4750.000000	-85.480102
	5000.000000	-85.296666
	5250.000000	-85.325321
	5500.000000	-85.434238
	5750.000000	-85.629151
	6000.000000	-85.376918
	6250.000000	-85.308122
	6500.000000	-85.589020
	6750.000000	-85.686471
	7000.000000	-85.646350
	7250.000000	-85.560355
	7500.000000	-85.394117
	7750.000000	-85.480102
	8000.000000	-85.554631
	8250.000000	-85.365452
	8500.000000	-85.353986
	8750.000000	-85.313865
	9000.000000	-85.371185
	9250.000000	-85.325321
	9500.000000	-85.399840
	9750.000000	-85.365452
	10000.000000	-85.571830
	10250.000000	-85.652073
	10500.000000	-85.405583
	10750.000000	-85.617685
	11000.000000	-85.497301
	11250.000000	-85.285200
	11500.000000	-85.428515
	11750.000000	-85.250802
	12000.000000	-85.503034
	12250.000000	-85.571830
	12500.000000	-85.577554
	12750.000000	-85.491568
	13000.000000	-85.434238
	13250.000000	-85.571830
	13500.000000	-85.892839
	13750.000000	-85.548889
	14000.000000	-85.485835
	14250.000000	-85.239336
	14500.000000	-85.187749
	14750.000000	-85.480102
	15000.000000	-85.348253
	15250.000000	-85.032967
	15500.000000	-77.391542
	15750.000000	-76.331024
	16000.000000	-83.817679
	16250.000000	-85.239336
	16500.000000	-85.353986
	16750.000000	-85.411316
	17000.000000	-85.153351
	17250.000000	-85.474369
	17500.000000	-85.663549
	17750.000000	-85.560355
	18000.000000	-85.336787
	18250.000000	-85.434238
	18500.000000	-85.439971
	18750.000000	-85.422782
	19000.000000	-85.405583
	19250.000000	-85.491568
	19500.000000	-85.646350
	19750.000000	-85.485835
	20000.000000	-85.531699
	20250.000000	-85.405583
	20500.000000	-85.250802
	20750.000000	-85.394117
	21000.000000	-85.508768
	21250.000000	-85.497301
	21500.000000	-85.210671
	21750.000000	-85.187749
	22000.000000	-85.503034
	22250.000000	-85.543156
	22500.000000	-85.520234
	22750.000000	-85.491568
	23000.000000	-85.531699
	23250.000000	-85.497301
	23500.000000	-85.640607
	23750.000000	-85.417040
	24000.000000	-85.325321
	24250.000000	-85.508768
	24500.000000	-85.491568
	24750.000000	-85.417040
	25000.000000	-85.457171
	25250.000000	-85.302399
	25500.000000	-85.411316
	25750.000000	-85.376918
	26000.000000	-85.462903
	26250.000000	-85.394117
	26500.000000	-85.497301
	26750.000000	-85.417040
	27000.000000	-85.531699
	27250.000000	-85.594753
	27500.000000	-85.525957
	27750.000000	-85.462903
	28000.000000	-85.359719
	28250.000000	-85.434238
	28500.000000	-85.537432
	28750.000000	-85.417040
	29000.000000	-85.262268
	29250.000000	-85.153351
	29500.000000	-85.388384
	29750.000000	-85.285200
	30000.000000	-85.273734
	30250.000000	-85.491568
	30500.000000	-85.434238
	30750.000000	-85.365452
	31000.000000	-82.453342
	31250.000000	-76.657776
	31500.000000	-79.546954
	31750.000000	-85.141885
	32000.000000	-85.216404
	32250.000000	-85.365452
	32500.000000	-85.336787
	32750.000000	-85.480102
	33000.000000	-85.503034
	33250.000000	-85.594753
	33500.000000	-85.308122
	33750.000000	-85.417040
	34000.000000	-85.531699
	34250.000000	-85.503034
	34500.000000	-85.290923
	34750.000000	-85.342520
	35000.000000	-85.279467
	35250.000000	-85.153351
	35500.000000	-85.250802
	35750.000000	-85.394117
	36000.000000	-85.583287
	36250.000000	-85.600486
	36500.000000	-85.382651
	36750.000000	-85.279467
	37000.000000	-85.199205
	37250.000000	-85.227870
	37500.000000	-85.302399
	37750.000000	-85.279467
	38000.000000	-85.233603
	38250.000000	-85.394117
	38500.000000	-85.497301
	38750.000000	-85.468637
	39000.000000	-85.296666
	39250.000000	-85.319588
	39500.000000	-85.336787
	39750.000000	-85.239336
	40000.000000	-85.279467
	40250.000000	-85.388384
	40500.000000	-85.348253
	40750.000000	-85.462903
	41000.000000	-85.342520
	41250.000000	-85.285200
	41500.000000	-85.342520
	41750.000000	-85.382651
	42000.000000	-85.359719
	42250.000000	-85.227870
	42500.000000	-85.313865
	42750.000000	-85.245069
	43000.000000	-85.382651
	43250.000000	-85.273734
	43500.000000	-85.325321
	43750.000000	-85.445704
	44000.000000	-85.348253
	44250.000000	-85.376918
	44500.000000	-85.394117
	44750.000000	-85.382651
	45000.000000	-85.531699
	45250.000000	-85.468637
	45500.000000	-85.348253
	45750.000000	-85.566088
	46000.000000	-85.508768
	46250.000000	-85.285200
	46500.000000	-85.067356
	46750.000000	-79.982633
	47000.000000	-77.569245
	47250.000000	-83.141243
	47500.000000	-85.308122
	47750.000000	-85.084555
	48000.000000	-85.050167
	48250.000000	-85.027234
	48500.000000	-85.073098
	48750.000000	-85.182016
	49000.000000	-85.107487
	49250.000000	-85.078831
	49500.000000	-85.348253
	49750.000000	-85.365452
	50000.000000	-85.394117
	50250.000000	-85.268001
	50500.000000	-85.199205
	50750.000000	-85.245069
	51000.000000	-85.302399
	51250.000000	-85.439971
	51500.000000	-85.445704
	51750.000000	-85.359719
	52000.000000	-85.325321
	52250.000000	-85.245069
	52500.000000	-85.302399
	52750.000000	-85.182016
	53000.000000	-85.279467
	53250.000000	-85.325321
	53500.000000	-85.359719
	53750.000000	-85.480102
	54000.000000	-85.290923
	54250.000000	-85.348253
	54500.000000	-85.359719
	54750.000000	-85.285200
	55000.000000	-85.239336
	55250.000000	-85.268001
	55500.000000	-85.239336
	55750.000000	-85.027234
	56000.000000	-85.164817
	56250.000000	-85.388384
	56500.000000	-85.405583
	56750.000000	-85.365452
	57000.000000	-85.411316
	57250.000000	-85.468637
	57500.000000	-85.411316
	57750.000000	-85.233603
	58000.000000	-85.417040
	58250.000000	-85.428515
	58500.000000	-85.428515
	58750.000000	-85.279467
	59000.000000	-85.296666
	59250.000000	-85.227870
	59500.000000	-85.107487
	59750.000000	-85.210671
	60000.000000	-85.130419
	60250.000000	-85.038700
	60500.000000	-85.262268
	60750.000000	-85.296666
	61000.000000	-85.256535
	61250.000000	-85.325321
	61500.000000	-85.182016
	61750.000000	-85.199205
	62000.000000	-85.290923
	62250.000000	-84.362265
	62500.000000	-78.933582
	62750.000000	-79.948235
	63000.000000	-85.141885
	63250.000000	-85.428515
	63500.000000	-85.331064
	63750.000000	-85.118953
	64000.000000	-85.164817
	64250.000000	-85.147618
	64500.000000	-85.044433
	64750.000000	-85.256535
	65000.000000	-85.136152
	65250.000000	-85.262268
	65500.000000	-85.210671
	65750.000000	-85.273734
	66000.000000	-85.222147
	66250.000000	-85.130419
	66500.000000	-85.113230
	66750.000000	-85.222147
	67000.000000	-85.371185
	67250.000000	-85.308122
	67500.000000	-84.958438
	67750.000000	-85.359719
	68000.000000	-85.348253
	68250.000000	-85.153351
	68500.000000	-85.245069
	68750.000000	-85.222147
	69000.000000	-85.336787
	69250.000000	-85.371185
	69500.000000	-85.434238
	69750.000000	-85.342520
	70000.000000	-85.296666
	70250.000000	-85.032967
	70500.000000	-85.159084
	70750.000000	-85.342520
	71000.000000	-85.193472
	71250.000000	-84.975637
	71500.000000	-84.912584
	71750.000000	-85.371185
	72000.000000	-85.348253
	72250.000000	-85.285200
	72500.000000	-85.239336
	72750.000000	-85.302399
	73000.000000	-85.279467
	73250.000000	-85.078831
	73500.000000	-85.325321
	73750.000000	-85.417040
	74000.000000	-85.399840
	74250.000000	-85.319588
	74500.000000	-85.101754
	74750.000000	-84.958438
	75000.000000	-85.273734
	75250.000000	-85.187749
	75500.000000	-85.405583
	75750.000000	-85.485835
	76000.000000	-85.239336
	76250.000000	-85.147618
	76500.000000	-85.199205
	76750.000000	-85.032967
	77000.000000	-85.113230
	77250.000000	-85.124686
	77500.000000	-85.290923
	77750.000000	-85.130419
	78000.000000	-82.636778
	78250.000000	-79.260334
	78500.000000	-82.866079
	78750.000000	-85.227870
	79000.000000	-85.233603
	79250.000000	-85.256535
	79500.000000	-85.176283
	79750.000000	-85.113230
	80000.000000	-85.096030
	80250.000000	-84.889652
	80500.000000	-84.918317
	80750.000000	-85.210671
	81000.000000	-85.182016
	81250.000000	-85.222147
	81500.000000	-85.245069
	81750.000000	-85.359719
	82000.000000	-85.296666
	82250.000000	-85.296666
	82500.000000	-85.182016
	82750.000000	-85.038700
	83000.000000	-85.044433
	83250.000000	-85.050167
	83500.000000	-85.164817
	83750.000000	-85.027234
	84000.000000	-85.078831
	84250.000000	-85.067356
	84500.000000	-84.883919
	84750.000000	-85.078831
	85000.000000	-85.010036
	85250.000000	-85.090288
	85500.000000	-85.319588
	85750.000000	-85.245069
	86000.000000	-85.182016
	86250.000000	-85.038700
	86500.000000	-85.130419
	86750.000000	-85.250802
	87000.000000	-85.027234
	87250.000000	-84.901118
	87500.000000	-84.918317
	87750.000000	-84.992836
	88000.000000	-85.084555
	88250.000000	-84.981380
	88500.000000	-85.044433
	88750.000000	-85.170550
	89000.000000	-85.050167
	89250.000000	-84.958438
	89500.000000	-85.078831
	89750.000000	-85.210671
	90000.000000	-85.256535
	90250.000000	-85.296666
	90500.000000	-85.313865
	90750.000000	-85.193472
	91000.000000	-85.015769
	91250.000000	-85.067356
	91500.000000	-85.061633
	91750.000000	-85.090288
	92000.000000	-85.101754
	92250.000000	-84.815133
	92500.000000	-85.055899
	92750.000000	-85.141885
	93000.000000	-85.032967
	93250.000000	-85.136152
	93500.000000	-84.860997
	93750.000000	-81.427222
	94000.000000	-80.871170
	94250.000000	-84.580099
	94500.000000	-84.929783
	94750.000000	-85.004302
	95000.000000	-85.050167
	95250.000000	-84.849521
	95500.000000	-84.929783
	95750.000000	-85.199205
	96000.000000	-85.113230
	96250.000000	-84.969914
	96500.000000	-84.797934
	96750.000000	-84.964181
	97000.000000	-85.227870
	97250.000000	-85.239336
	97500.000000	-85.101754
	97750.000000	-84.792201
	98000.000000	-84.981380
	98250.000000	-84.941239
	98500.000000	-84.734881
	98750.000000	-84.752070
	99000.000000	-84.792201
	99250.000000	-84.952715
	99500.000000	-84.998570
	99750.000000	-84.849521
