	0.000000	59.723956
	250.000000	-65.582575
	500.000000	-93.047009
	750.000000	-94.055929
	1000.000000	-94.589050
	1250.000000	-94.560395
	1500.000000	-94.629181
	1750.000000	-94.950199
	2000.000000	-95.368679
	2250.000000	-95.397334
	2500.000000	-95.265485
	2750.000000	-95.305616
	3000.000000	-95.236820
	3250.000000	-95.150835
	3500.000000	-95.076316
	3750.000000	-95.047651
	4000.000000	-95.162301
	4250.000000	-95.110714
	4500.000000	-95.139379
	4750.000000	-95.420266
	5000.000000	-95.580781
	5250.000000	-95.397334
	5500.000000	-95.299883
	5750.000000	-95.345737
	6000.000000	-95.271218
	6250.000000	-95.426000
	6500.000000	-95.506252
	6750.000000	-95.385869
	7000.000000	-95.208165
	7250.000000	-95.225364
	7500.000000	-95.345737
	7750.000000	-95.345737
	8000.000000	-95.162301
	8250.000000	-95.013262
	8500.000000	-95.139379
	8750.000000	-95.116437
	9000.000000	-95.276951
	9250.000000	-95.294150
	9500.000000	-95.466121
	9750.000000	-95.454664
	10000.000000	-95.494786
	10250.000000	-95.225364
	10500.000000	-95.208165
	10750.000000	-95.351480
	11000.000000	-95.271218
	11250.000000	-95.368679
	11500.000000	-95.368679
	11750.000000	-95.448931
	12000.000000	-95.391602
	12250.000000	-95.340014
	12500.000000	-95.460397
	12750.000000	-95.322815
	13000.000000	-95.345737
	13250.000000	-95.242563
	13500.000000	-95.185233
	13750.000000	-95.208165
	14000.000000	-95.322815
	14250.000000	-95.380135
	14500.000000	-95.225364
	14750.000000	-95.150835
	15000.000000	-95.122180
	15250.000000	-90.570568
	15500.000000	-76.600456
	15750.000000	-75.551404
	16000.000000	-86.832973
	16250.000000	-94.921534
	16500.000000	-94.990330
	16750.000000	-95.099248
	17000.000000	-95.299883
	17250.000000	-95.190966
	17500.000000	-95.150835
	17750.000000	-95.099248
	18000.000000	-94.892879
	18250.000000	-95.093515
	18500.000000	-95.362936
	18750.000000	-95.362936
	19000.000000	-95.271218
	19250.000000	-95.362936
	19500.000000	-95.471854
	19750.000000	-95.254019
	20000.000000	-95.185233
	20250.000000	-95.334281
	20500.000000	-95.116437
	20750.000000	-95.059117
	21000.000000	-95.340014
	21250.000000	-95.374403
	21500.000000	-95.317082
	21750.000000	-95.408800
	22000.000000	-95.448931
	22250.000000	-95.271218
	22500.000000	-95.242563
	22750.000000	-95.494786
	23000.000000	-95.552116
	23250.000000	-95.299883
	23500.000000	-95.208165
	23750.000000	-95.276951
	24000.000000	-95.299883
	24250.000000	-95.248296
	24500.000000	-95.024719
	24750.000000	-95.219631
	25000.000000	-95.305616
	25250.000000	-95.122180
	25500.000000	-95.099248
	25750.000000	-94.996063
	26000.000000	-95.127913
	26250.000000	-95.231097
	26500.000000	-95.036185
	26750.000000	-95.328548
	27000.000000	-95.328548
	27250.000000	-95.104981
	27500.000000	-94.973131
	27750.000000	-95.013262
	28000.000000	-95.271218
	28250.000000	-95.362936
	28500.000000	-95.391602
	28750.000000	-95.242563
	29000.000000	-95.334281
	29250.000000	-95.276951
	29500.000000	-95.150835
	29750.000000	-95.334281
	30000.000000	-95.477597
	30250.000000	-95.351480
	30500.000000	-95.311349
	30750.000000	-95.099248
	31000.000000	-84.207484
	31250.000000	-76.130389
	31500.000000	-79.632949
	31750.000000	-94.508797
	32000.000000	-95.305616
	32250.000000	-95.236820
	32500.000000	-95.311349
	32750.000000	-95.104981
	33000.000000	-95.334281
	33250.000000	-95.276951
	33500.000000	-95.076316
	33750.000000	-95.185233
	34000.000000	-95.190966
	34250.000000	-95.076316
	34500.000000	-95.082049
	34750.000000	-95.007520
	35000.000000	-95.317082
	35250.000000	-95.265485
	35500.000000	-95.334281
	35750.000000	-95.236820
	36000.000000	-95.265485
	36250.000000	-95.070583
	36500.000000	-95.162301
	36750.000000	-95.116437
	37000.000000	-95.162301
	37250.000000	-95.001796
	37500.000000	-95.076316
	37750.000000	-95.265485
	38000.000000	-95.294150
	38250.000000	-95.190966
	38500.000000	-95.093515
	38750.000000	-95.082049
	39000.000000	-95.403067
	39250.000000	-95.374403
	39500.000000	-95.162301
	39750.000000	-95.122180
	40000.000000	-95.082049
	40250.000000	-95.288417
	40500.000000	-95.254019
	40750.000000	-95.322815
	41000.000000	-95.305616
	41250.000000	-95.483320
	41500.000000	-95.506252
	41750.000000	-95.196699
	42000.000000	-94.996063
	42250.000000	-95.030452
	42500.000000	-95.156568
	42750.000000	-95.173767
	43000.000000	-95.082049
	43250.000000	-95.053384
	43500.000000	-95.168034
	43750.000000	-95.173767
	44000.000000	-95.248296
	44250.000000	-95.030452
	44500.000000	-94.881413
	44750.000000	-94.938733
	45000.000000	-95.036185
	45250.000000	-95.007520
	45500.000000	-95.030452
	45750.000000	-95.007520
	46000.000000	-95.064850
	46250.000000	-95.173767
	46500.000000	-94.440011
	46750.000000	-80.349506
	47000.000000	-77.145042
	47250.000000	-85.497301
	47500.000000	-94.783962
	47750.000000	-94.955932
	48000.000000	-95.007520
	48250.000000	-95.013262
	48500.000000	-95.024719
	48750.000000	-95.162301
	49000.000000	-95.202432
	49250.000000	-95.317082
	49500.000000	-95.162301
	49750.000000	-95.070583
	50000.000000	-94.967399
	50250.000000	-95.030452
	50500.000000	-95.242563
	50750.000000	-95.116437
	51000.000000	-94.961665
	51250.000000	-94.990330
	51500.000000	-95.030452
	51750.000000	-95.150835
	52000.000000	-95.213898
	52250.000000	-94.996063
	52500.000000	-94.955932
	52750.000000	-95.133636
	53000.000000	-95.276951
	53250.000000	-95.317082
	53500.000000	-95.139379
	53750.000000	-95.104981
	54000.000000	-94.927267
	54250.000000	-94.881413
	54500.000000	-94.847015
	54750.000000	-94.944467
	55000.000000	-95.064850
	55250.000000	-95.259752
	55500.000000	-94.806884
	55750.000000	-94.944467
	56000.000000	-95.185233
	56250.000000	-95.093515
	56500.000000	-95.036185
	56750.000000	-95.001796
	57000.000000	-94.864214
	57250.000000	-95.007520
	57500.000000	-94.921534
	57750.000000	-94.910078
	58000.000000	-94.938733
	58250.000000	-95.179500
	58500.000000	-95.087782
	58750.000000	-94.904335
	59000.000000	-94.990330
	59250.000000	-95.254019
	59500.000000	-95.179500
	59750.000000	-95.139379
	60000.000000	-95.013262
	60250.000000	-94.715166
	60500.000000	-95.104981
	60750.000000	-95.156568
	61000.000000	-95.007520
	61250.000000	-94.996063
	61500.000000	-94.864214
	61750.000000	-95.173767
	62000.000000	-95.059117
	62250.000000	-89.080115
	62500.000000	-78.864786
	62750.000000	-80.194735
	63000.000000	-92.938092
	63250.000000	-95.001796
	63500.000000	-95.122180
	63750.000000	-95.104981
	64000.000000	-95.007520
	64250.000000	-95.018996
	64500.000000	-94.927267
	64750.000000	-95.087782
	65000.000000	-95.254019
	65250.000000	-95.122180
	65500.000000	-95.018996
	65750.000000	-95.093515
	66000.000000	-94.990330
	66250.000000	-94.904335
	66500.000000	-94.978865
	66750.000000	-95.001796
	67000.000000	-95.104981
	67250.000000	-94.795418
	67500.000000	-94.944467
	67750.000000	-94.875680
	68000.000000	-94.835549
	68250.000000	-94.904335
	68500.000000	-94.783962
	68750.000000	-95.070583
	69000.000000	-95.202432
	69250.000000	-95.219631
	69500.000000	-95.041918
	69750.000000	-95.001796
	70000.000000	-95.099248
	70250.000000	-94.915802
	70500.000000	-95.013262
	70750.000000	-94.990330
	71000.000000	-94.898612
	71250.000000	-94.887146
	71500.000000	-94.950199
	71750.000000	-94.978865
	72000.000000	-94.864214
	72250.000000	-94.680778
	72500.000000	-94.892879
	72750.000000	-94.950199
	73000.000000	-94.703700
	73250.000000	-94.789695
	73500.000000	-94.892879
	73750.000000	-94.783962
	74000.000000	-94.743831
	74250.000000	-94.743831
	74500.000000	-94.675035
	74750.000000	-94.847015
	75000.000000	-94.715166
	75250.000000	-94.600516
	75500.000000	-94.772496
	75750.000000	-94.864214
	76000.000000	-94.892879
	76250.000000	-95.162301
	76500.000000	-95.087782
	76750.000000	-94.778229
	77000.000000	-94.720899
	77250.000000	-94.864214
	77500.000000	-94.915802
	77750.000000	-94.881413
	78000.000000	-84.792201
	78250.000000	-79.587086
	78500.000000	-85.445704
	78750.000000	-94.646380
	79000.000000	-94.812617
	79250.000000	-95.104981
	79500.000000	-95.030452
	79750.000000	-95.099248
	80000.000000	-95.093515
	80250.000000	-94.921534
	80500.000000	-95.254019
	80750.000000	-95.064850
	81000.000000	-94.933001
	81250.000000	-94.973131
	81500.000000	-94.875680
	81750.000000	-94.869947
	82000.000000	-94.646380
	82250.000000	-94.858481
	82500.000000	-94.847015
	82750.000000	-94.933001
	83000.000000	-95.018996
	83250.000000	-94.898612
	83500.000000	-94.629181
	83750.000000	-94.692234
	84000.000000	-94.944467
	84250.000000	-95.030452
	84500.000000	-94.818350
	84750.000000	-94.915802
	85000.000000	-94.996063
	85250.000000	-94.778229
	85500.000000	-94.933001
	85750.000000	-94.938733
	86000.000000	-94.818350
	86250.000000	-95.030452
	86500.000000	-94.944467
	86750.000000	-94.835549
	87000.000000	-94.720899
	87250.000000	-94.898612
	87500.000000	-94.761030
	87750.000000	-94.743831
	88000.000000	-94.864214
	88250.000000	-94.824083
	88500.000000	-94.921534
	88750.000000	-94.812617
	89000.000000	-94.772496
	89250.000000	-94.703700
	89500.000000	-94.611982
	89750.000000	-94.715166
	90000.000000	-94.927267
	90250.000000	-94.818350
	90500.000000	-94.801151
	90750.000000	-95.013262
	91000.000000	-94.818350
	91250.000000	-95.001796
	91500.000000	-94.927267
	91750.000000	-94.692234
	92000.000000	-94.743831
	92250.000000	-94.766763
	92500.000000	-94.904335
	92750.000000	-94.732365
	93000.000000	-94.824083
	93250.000000	-94.761030
	93500.000000	-93.293509
	93750.000000	-82.963540
	94000.000000	-82.246973
	94250.000000	-91.803055
	94500.000000	-94.892879
	94750.000000	-95.133636
	95000.000000	-94.961665
	95250.000000	-94.864214
	95500.000000	-94.978865
	95750.000000	-94.990330
	96000.000000	-94.772496
	96250.000000	-94.927267
	96500.000000	-94.955932
	96750.000000	-94.755297
	97000.000000	-94.806884
	97250.000000	-94.904335
	97500.000000	-94.898612
	97750.000000	-94.938733
	98000.000000	-94.904335
	98250.000000	-94.778229
	98500.000000	-94.938733
	98750.000000	-95.104981
	99000.000000	-94.824083
	99250.000000	-94.554661
	99500.000000	-94.657846
	99750.000000	-94.749564
